% Generated by MATLAB(R) 9.4 and Signal Processing Toolbox 8.0.
% Generated on: 21-Jun-2019 13:52:51

% Coefficient Format: Decimal

% Discrete-Time FIR Filter (real)         
% -------------------------------         
% Filter Structure  : Direct-Form FIR     
% Filter Length     : 129                 
% Stable            : Yes                 
% Linear Phase      : Yes (Type 1)        

                                         
Numerator:                                
-0.000983069789256080456621433860675551841
 0.001232747786181887135470436334117039223
 0.001062035855546896367593290300135322468
-0.00025241113689930902040312044043446349 
-0.00047026817529212942186125911980809633 
 0.000811004322144000320930767866656196929
 0.000693036624802096843343812704318906981
-0.000932654984017102493300266363718264984
-0.000615355253941603794545778249869272258
 0.001234618840500564806994532318640267476
 0.00057394934858237176521222888680995311 
-0.001517251278077244016836977458240198757
-0.000448909921956385849807491528196123909
 0.001836211759635797543740998172268064081
 0.00026511113569699590666872701660849998 
-0.002162762448238758974938811263655225048
-0.000001757122338508995873488272194962168
 0.002491762957301326981279787631251565472
-0.000347316944883150800164189897500932602
-0.002807964485087226062798304582202035817
 0.000789981723092763005004968146494093162
 0.003095195236345386208265395566741062794
-0.001332424928715608778567736081299699435
-0.003334783032111464113472765191659163975
 0.00197817953754477696831637345553644991 
 0.003506432236520255936451651024299280834
-0.00272876496390792640939215729645184183 
-0.003587494645153913464669104271820287977
 0.003582627477291525433522600962987780804
 0.003553201639311383969177526864768879022
-0.004536256665075390388797149654465101776
-0.003376291146659698289012041527712426614
 0.005582522878501714434784641838405150338
 0.00302957333462221733641484000543186994 
-0.006710218583528884499223021720126780565
-0.002481192662478740821457856569054456486
 0.007907379336426167276696830299442808609
 0.0016993106507099415419803634108575352  
-0.009159234595365148279277889287186553702
-0.000644940119326338186581115685669374216
 0.010445818170216596837418521204199350905
-0.000724459124747846706753040546544752942
-0.011746993289518245159874787475473567611
 0.002462360499371477138425001740529296512
 0.013042239794081228465572053210053127259
-0.004640687456472830998976952798784623155
-0.014307260140193657493856704832069226541
 0.007354220378881008018945308890579326544
 0.015519339599522650324781025688025692943
-0.010752644625455127364022089864192821551
-0.016654832665212324083192640955530805513
 0.015068289789991610658215215323707525386
 0.017692099988469753291120412086456781253
-0.020710621913116122883025127521250396967
-0.018609734938625208111595554782979888842
 0.02845446345091400680571425141351937782 
 0.019388036143145312428792692571732914075
-0.039980040187139291585349809565741452388
-0.020011218517557546187068950871434935834
 0.059675257133007343635089370081914239563
 0.020466528391109062995356637770782981534
-0.103686028169782576413560093442356446758
-0.020743777375486834035900329809010145254
 0.317499776112442289033310771628748625517
 0.520837015733648489579366014368133619428
 0.317499776112442289033310771628748625517
-0.020743777375486834035900329809010145254
-0.103686028169782576413560093442356446758
 0.020466528391109062995356637770782981534
 0.059675257133007343635089370081914239563
-0.020011218517557546187068950871434935834
-0.039980040187139291585349809565741452388
 0.019388036143145312428792692571732914075
 0.02845446345091400680571425141351937782 
-0.018609734938625208111595554782979888842
-0.020710621913116122883025127521250396967
 0.017692099988469753291120412086456781253
 0.015068289789991610658215215323707525386
-0.016654832665212324083192640955530805513
-0.010752644625455127364022089864192821551
 0.015519339599522650324781025688025692943
 0.007354220378881008018945308890579326544
-0.014307260140193657493856704832069226541
-0.004640687456472830998976952798784623155
 0.013042239794081228465572053210053127259
 0.002462360499371477138425001740529296512
-0.011746993289518245159874787475473567611
-0.000724459124747846706753040546544752942
 0.010445818170216596837418521204199350905
-0.000644940119326338186581115685669374216
-0.009159234595365148279277889287186553702
 0.0016993106507099415419803634108575352  
 0.007907379336426167276696830299442808609
-0.002481192662478740821457856569054456486
-0.006710218583528884499223021720126780565
 0.00302957333462221733641484000543186994 
 0.005582522878501714434784641838405150338
-0.003376291146659698289012041527712426614
-0.004536256665075390388797149654465101776
 0.003553201639311383969177526864768879022
 0.003582627477291525433522600962987780804
-0.003587494645153913464669104271820287977
-0.00272876496390792640939215729645184183 
 0.003506432236520255936451651024299280834
 0.00197817953754477696831637345553644991 
-0.003334783032111464113472765191659163975
-0.001332424928715608778567736081299699435
 0.003095195236345386208265395566741062794
 0.000789981723092763005004968146494093162
-0.002807964485087226062798304582202035817
-0.000347316944883150800164189897500932602
 0.002491762957301326981279787631251565472
-0.000001757122338508995873488272194962168
-0.002162762448238758974938811263655225048
 0.00026511113569699590666872701660849998 
 0.001836211759635797543740998172268064081
-0.000448909921956385849807491528196123909
-0.001517251278077244016836977458240198757
 0.00057394934858237176521222888680995311 
 0.001234618840500564806994532318640267476
-0.000615355253941603794545778249869272258
-0.000932654984017102493300266363718264984
 0.000693036624802096843343812704318906981
 0.000811004322144000320930767866656196929
-0.00047026817529212942186125911980809633 
-0.00025241113689930902040312044043446349 
 0.001062035855546896367593290300135322468
 0.001232747786181887135470436334117039223
-0.000983069789256080456621433860675551841

                                         

